{"assets":{"0":{"d":{"path":"builtin://Assets/Models/johnaquamarine.meshfile"},"t":"meshfileprovider"},"1":{"d":{"albedoColor":[0.882352948188782,0.0823529437184334,0.270588248968124,1],"emissionColor":[0.882352948188782,0.0823529437184334,0.270588248968124,1],"emissionStrength":1},"t":"basicmaterialprovider"},"2":{"d":{"albedoColor":[1,1,1,1]},"t":"basicmaterialprovider"},"3":{"d":{"albedoColor":[0,0,0,1]},"t":"basicmaterialprovider"}},"children":{"0":{"d":{"bones":[{"n":"R_Hand","p":-1,"r":[0,0.0000000596046447753906,1,1,-0.00000023841858,-0.00000005960464,0.000000178813934326172,1,-0.00000011920929,0.799999952316284,1.35000002384186,0]},{"n":"R_Pointer_0","p":0,"r":[1,0,0,0,1,0,0,0,1,-0.03999999910593,0.0899999737739563,0.00000000476837147544984]},{"n":"R_Pointer_1","p":1,"r":[1,0,0.000000119209289550781,0,1,0,-0.00000011920929,0,1,0.000000000745060901863326,0.0370000600814819,0.00000000476837147544984]},{"n":"R_Pointer_2","p":2,"r":[1,0,0,0,1,0,0,0,1,0.00000000149012180372665,0.0249999761581421,0.00000000953674295089968]},{"n":"R_Pointer_Tip","p":3,"r":[1,0,0,0,1,0,0,0,1,0.00000000149012180372665,0.0279999971389771,0.00000000953674295089968]},{"n":"R_Pinky_0","p":0,"r":[1,0,0,0,1,0,0,0,1,0.0399999991059303,0.0799999833106995,-0.00000000476837]},{"n":"R_Pinky_1","p":5,"r":[1,0,0.000000119209289550781,0,1,0,-0.00000011920929,0,1,0.000000000745060901863326,0.0370000600814819,-0.00000000476837]},{"n":"R_Pinky_2","p":6,"r":[1,0,0,0,1,0,0,0,1,0.00000000149012180372665,0.0249999761581421,-0.00000000953674]},{"n":"R_Pinky_Tip","p":7,"r":[1,0,0,0,1,0,0,0,1,0.00000000149012180372665,0.0279999971389771,-0.00000000953674]},{"n":"R_Middle_0","p":0,"r":[1,0,0,0,1,0,0,0,1,-0.01300000026822,0.0899999737739563,0.00000000154972079613458]},{"n":"R_Middle_1","p":9,"r":[1,0,0.000000119209289550781,0,1,0,-0.00000011920929,0,1,-0.00000000018626,0.0420000553131104,0.00000000154972079613458]},{"n":"R_Middle_2","p":10,"r":[1,0,0,0,1,0,0,0,1,-0.00000000037252,0.0299999713897705,0.00000000309944159226916]},{"n":"R_Middle_Tip","p":11,"r":[1,0,0,0,1,0,0,0,1,-0.00000000037252,0.0329999923706055,0.00000000309944159226916]},{"n":"R_Ring_0","p":0,"r":[1,0,0,0,1,0,0,0,1,0.0130000039935112,0.0899999737739563,-0.00000000154972]},{"n":"R_Ring_1","p":13,"r":[1,0,0.000000119209289550781,0,1,0,-0.00000011920929,0,1,-0.00000000018626,0.0370000600814819,-0.00000000154972]},{"n":"R_Ring_2","p":14,"r":[1,0,0,0,1,0,0,0,1,-0.00000000037252,0.0299999713897705,-0.00000000309944]},{"n":"R_Ring_Tip","p":15,"r":[1,0,0,0,1,0,0,0,1,-0.00000000037252,0.0329999923706055,-0.00000000309944]},{"n":"R_Thumb_0","p":0,"r":[0.0280116200447083,0.973183751106262,0.228317305445671,-0.82234525680542,0.15228945016861,-0.54823011159897,-0.5682989358902,-0.17239882051945,0.804558873176575,-0.01800002530217,0.0209999084472656,-0.00499999290332]},{"n":"R_Thumb_1","p":17,"r":[0.999310731887817,0.0264612548053265,-0.02603943832219,-0.03711066395044,0.692656755447388,-0.72031199932098,-0.00102396681905,0.720781803131104,0.693161249160767,0.0000000223517417907715,0.0328328460454941,-0.00000001303852]},{"n":"R_Thumb_2","p":18,"r":[0.996653914451599,0.0813492015004158,0.0079449201002717,-0.07898445427418,0.983548641204834,-0.16246084868908,-0.02103027887642,0.161289736628532,0.986683011054993,-0.00000001315493,0.0310000255703926,0.00000000372529029846191]},{"n":"R_Thumb_Tip","p":19,"r":[0.993409097194672,0.1146225258708,-0.00000000558794,-0.11462254077196,0.993409216403961,0.0000000278978866674606,0.0000000087488309929995,-0.00000002707351,1,0.000000000277555312067079,0.026172548532486,0.00000000210636130759667]},{"n":"L_Hand","p":-1,"r":[0,-0.00000005960464,-1,-1,-0.00000023841858,-0.00000005960464,-0.00000017881393,1,-0.00000011920929,-0.79999995231628,1.35000002384186,0]},{"n":"L_Pointer_0","p":21,"r":[1,0,0,0,1,0,0,0,1,0.0399999991059303,0.0899999737739563,0.00000000476837147544984]},{"n":"L_Pointer_1","p":22,"r":[1,0,-0.00000011920929,0,1,0,0.000000119209289550781,0,1,-0.00000000074506,0.0370000600814819,0.00000000476837147544984]},{"n":"L_Pointer_2","p":23,"r":[1,0,0,0,1,0,0,0,1,-0.00000000149012,0.0249999761581421,0.00000000953674295089968]},{"n":"L_Pointer_Tip","p":24,"r":[1,0,0,0,1,0,0,0,1,-0.00000000149012,0.0279999971389771,0.00000000953674295089968]},{"n":"L_Pinky_0","p":21,"r":[1,0,0,0,1,0,0,0,1,-0.03999999910593,0.0799999833106995,-0.00000000476837]},{"n":"L_Pinky_1","p":26,"r":[1,0,-0.00000011920929,0,1,0,0.000000119209289550781,0,1,-0.00000000074506,0.0370000600814819,-0.00000000476837]},{"n":"L_Pinky_2","p":27,"r":[1,0,0,0,1,0,0,0,1,-0.00000000149012,0.0249999761581421,-0.00000000953674]},{"n":"L_Pinky_Tip","p":28,"r":[1,0,0,0,1,0,0,0,1,-0.00000000149012,0.0279999971389771,-0.00000000953674]},{"n":"L_Middle_0","p":21,"r":[1,0,0,0,1,0,0,0,1,0.0130000002682209,0.0899999737739563,0.00000000154972079613458]},{"n":"L_Middle_1","p":30,"r":[1,0,-0.00000011920929,0,1,0,0.000000119209289550781,0,1,0.000000000186261672752153,0.0420000553131104,0.00000000154972079613458]},{"n":"L_Middle_2","p":31,"r":[1,0,0,0,1,0,0,0,1,0.000000000372523345504305,0.0299999713897705,0.00000000309944159226916]},{"n":"L_Middle_Tip","p":32,"r":[1,0,0,0,1,0,0,0,1,0.000000000372523345504305,0.0329999923706055,0.00000000309944159226916]},{"n":"L_Ring_0","p":21,"r":[1,0,0,0,1,0,0,0,1,-0.01300000399351,0.0899999737739563,-0.00000000154972]},{"n":"L_Ring_1","p":34,"r":[1,0,-0.00000011920929,0,1,0,0.000000119209289550781,0,1,0.000000000186261672752153,0.0370000600814819,-0.00000000154972]},{"n":"L_Ring_2","p":35,"r":[1,0,0,0,1,0,0,0,1,0.000000000372523345504305,0.0299999713897705,-0.00000000309944]},{"n":"L_Ring_Tip","p":36,"r":[1,0,0,0,1,0,0,0,1,0.000000000372523345504305,0.0329999923706055,-0.00000000309944]},{"n":"L_Thumb_0","p":21,"r":[0.0280116200447083,-0.97318375110626,-0.22831730544567,0.82234525680542,0.15228945016861,-0.54823011159897,0.568298935890198,-0.17239882051945,0.804558873176575,0.0180000253021717,0.0209999084472656,-0.00499999290332]},{"n":"L_Thumb_1","p":38,"r":[0.999310731887817,-0.02646125480533,0.0260394383221865,0.0371106639504433,0.692656755447388,-0.72031199932098,0.00102396681904793,0.720781803131104,0.693161249160767,-0.00000002235174,0.0328328460454941,-0.00000001303852]},{"n":"L_Thumb_2","p":39,"r":[0.996653914451599,-0.08134920150042,-0.00794492010027,0.0789844542741776,0.983548641204834,-0.16246084868908,0.0210302788764238,0.161289736628532,0.986683011054993,0.0000000131549313664436,0.0310000255703926,0.00000000372529029846191]},{"n":"L_Thumb_Tip","p":40,"r":[0.993409097194672,-0.1146225258708,0.00000000558793500360366,0.114622540771961,0.993409216403961,0.0000000278978866674606,-0.00000000874883,-0.00000002707351,1,-0.00000000027756,0.026172548532486,0.00000000210636130759667]},{"n":"Head","p":-1,"r":[-1,0,-0.0000001509958,0,1,0,0.000000150995802528087,0,-1,0,1.39999997615814,0]}]},"n":"Skeleton","p":-1,"t":"armature"},"1":{"d":{"armature":0,"materials":[1,2,3],"mesh":0},"n":"Mesh","p":-1,"t":"meshrenderer"},"2":{"d":{"armature":0,"headBone":"Head","headOffset":[-1,0,0.0000000874227765734759,0,1,-0,-0.00000008742278,0,-1,0,0,0],"leftHandBone":"L_Hand","leftHandOffset":[0.000000119209289550781,1,0,0,0,-1,-1,0.000000119209289550781,0,0,0,0],"rightHandBone":"R_Hand","rightHandOffset":[0.000000119209289550781,-1,0,0,0,-1,1,0.000000119209289550781,0,0,0,0]},"n":"Animator","p":-1,"t":"headandhandsanimator"}},"data":{},"type":"avatar","version":0}