{"assets":{"0":{"d":{"path":"builtin://Assets/Models/johnaquamarinehumanoid.meshfile"},"t":"meshfileprovider"},"1":{"d":{"albedoColor":[0.882352948188782,0.0823529437184334,0.270588248968124,1],"emissionColor":[0.882352948188782,0.0823529437184334,0.270588248968124,1],"emissionStrength":1},"t":"basicmaterialprovider"},"2":{"d":{"albedoColor":[1,1,1,1]},"t":"basicmaterialprovider"},"3":{"d":{"albedoColor":[0,0,0,1]},"t":"basicmaterialprovider"}},"children":{"0":{"d":{"bones":[{"n":"Spine_0","p":-1,"r":[-1,0,-0.00000086625153,0,1,0,0.000000866251525621919,0,-1,0,0.75,0]},{"n":"Spine_1","p":0,"r":[1,0,-0.00000047683716,0,1,0,0.000000476837158203125,0,1,0,0.299999952316284,0]},{"n":"Neck","p":1,"r":[1,0,0,0,1,0,0,0,1,0,0.299999952316284,0]},{"n":"Head","p":2,"r":[1,0,-0.000000063573,0,1,0,0.0000000635729975329014,0,1,0,0.25,0]},{"n":"R_UpperArm","p":1,"r":[-0.00000035762787,0,-1,-0.99999994039536,-0.00000011920928,0.000000357627840230634,-0.00000011920929,1,0,-0.19999998807907,0.299999952316284,0.0000000778828663783315]},{"n":"R_LowerArm","p":4,"r":[1,-0.00000000000003,0.0000000119248966257146,0.000000000000028421709430404,1,-0,-0.0000000119249,0.00000000000000000000084703294725,1,0.00000000000000213162871550007,0.299999982118607,0]},{"n":"R_Hand","p":5,"r":[1,-0,0.000000119209289550781,0.00000000000000000000141727835705,1,-0,-0.00000011920929,0.00000000000000000000084703385602,1,-0,0.300000101327896,0]},{"n":"R_Pointer_0","p":6,"r":[1,-0,0,0.00000000000000000000141727825607,1,-0,0,0.00000000000000000000084703375505,1,-0.03999999910593,0.0900000333786011,0.00000000476837147544984]},{"n":"R_Pointer_1","p":7,"r":[1,-0,0.000000119209289550781,0.00000000000000000000283455651214,1,-0,-0.00000011920929,0.00000000000000000000084703476479,1,0.000000000745046691008611,0.0370001196861267,0.00000000476837147544984]},{"n":"R_Pointer_2","p":8,"r":[1,-0,0,0.00000000000000000000283455651214,0.999999940395355,-0,0,0.00000000000000000000000000161559,1,0.00000000149009338201722,0.0249999761581421,0.00000000953674295089968]},{"n":"R_Pointer_Tip","p":9,"r":[1,0.00000000000000000000394170666199,0,-0,1,-0,0,0.00000000000000000000000000161559,1,0.00000000149009338201722,0.0280000567436218,0.00000000953674295089968]},{"n":"R_Pinky_0","p":6,"r":[1,-0,0,0.00000000000000000000141727825607,1,-0,0,0.00000000000000000000084703375505,1,0.0399999991059303,0.0800000429153442,-0.00000000476837]},{"n":"R_Pinky_1","p":11,"r":[1,-0,0.000000119209289550781,0.00000000000000000000283455651214,1,-0,-0.00000011920929,0.00000000000000000000084703476479,1,0.000000000745046691008611,0.0370001196861267,-0.00000000476837]},{"n":"R_Pinky_2","p":12,"r":[1,-0,0,0.00000000000000000000283455651214,0.999999940395355,-0,0,0.00000000000000000000000000161559,1,0.00000000149009338201722,0.0249999761581421,-0.00000000953674]},{"n":"R_Pinky_Tip","p":13,"r":[1,0.00000000000000000000394170666199,0,-0,1,-0,0,0.00000000000000000000000000161559,1,0.00000000149009338201722,0.0280000567436218,-0.00000000953674]},{"n":"R_Middle_0","p":6,"r":[1,-0,0,0.00000000000000000000141727825607,1,-0,0,0.00000000000000000000084703375505,1,-0.01300000026822,0.0900000333786011,0.00000000154972079613458]},{"n":"R_Middle_1","p":15,"r":[1,-0,0.000000119209289550781,0.00000000000000000000283455651214,1,-0,-0.00000011920929,0.00000000000000000000084703476479,1,-0.00000000018628,0.0420001149177551,0.00000000154972079613458]},{"n":"R_Middle_2","p":16,"r":[1,0.00000000000000000000394170706589,-0,-0,1,-0,-0,0.00000000000000000000084703294725,1,-0.00000000037255,0.0300000309944153,0.00000000309944159226916]},{"n":"R_Middle_Tip","p":17,"r":[1,0.00000000000000000000394170706589,-0,-0,1,-0,-0,0.00000000000000000000084703294725,1,-0.00000000037255,0.0330000519752502,0.00000000309944159226916]},{"n":"R_Ring_0","p":6,"r":[1,-0,0,0.00000000000000000000141727825607,1,-0,0,0.00000000000000000000084703375505,1,0.0130000039935112,0.0900000333786011,-0.00000000154972]},{"n":"R_Ring_1","p":19,"r":[1,-0,0.000000119209289550781,0.00000000000000000000283455651214,1,-0,-0.00000011920929,0.00000000000000000000084703476479,1,-0.00000000018628,0.0370001196861267,-0.00000000154972]},{"n":"R_Ring_2","p":20,"r":[1,0.00000000000000000000394170706589,-0,-0,1,-0,-0,0.00000000000000000000084703294725,1,-0.00000000037255,0.0300000309944153,-0.00000000309944]},{"n":"R_Ring_Tip","p":21,"r":[1,0.00000000000000000000394170706589,-0,-0,1,-0,-0,0.00000000000000000000084703294725,1,-0.00000000037255,0.0330000519752502,-0.00000000309944]},{"n":"R_Thumb_0","p":6,"r":[0.0280116237699986,0.973183929920197,0.228317439556122,-0.82234513759613,0.152289554476738,-0.54823017120361,-0.56829899549484,-0.17239885032177,0.80455869436264,-0.01800002530217,0.0209999680519104,-0.00499999290332]},{"n":"R_Thumb_1","p":23,"r":[0.999310731887817,0.0264613162726164,-0.02603930234909,-0.03711060807109,0.692656755447388,-0.72031199932098,-0.00102410838008,0.720781803131104,0.693161249160767,0.0000000467989593744278,0.0328328609466553,-0.00000022165477]},{"n":"R_Thumb_2","p":24,"r":[0.996653974056244,0.0813492387533188,0.00794489681720734,-0.07898449152708,0.983548760414124,-0.16246090829372,-0.02103026211262,0.161289781332016,0.986683011054993,0.00000000221189111471176,0.0310001038014889,-0.00000001490116]},{"n":"R_Thumb_Tip","p":25,"r":[0.993409097194672,0.1146225258708,-0.00000000558794,-0.1146225258708,0.993409097194672,0.000000000854004311712231,0.000000005648995049512,-0.00000000020787,1,-0.00000002952477,0.0261724889278412,0.000000000184910087241974]},{"n":"L_UpperArm","p":1,"r":[0.000000178813934326172,0.0000000894069671630859,1,1,-0.00000023841858,-0.00000020861626,0.000000119209289550781,1,-0.00000011920929,0.199999988079071,0.299999952316284,-0.00000007788287]},{"n":"L_LowerArm","p":27,"r":[1,0,0.0000000437113953921653,0,1,0,-0.0000000437114,0,1,0,0.299999982118607,0]},{"n":"L_Hand","p":28,"r":[1,-0.0000000000027,0.00000158377929437847,0,1,0.00000170298858392925,-0.00000158377929,-0.00000170298858,1,0,0.299999982118607,0]},{"n":"L_Pointer_0","p":29,"r":[1,-0.0000000000029,-0.00000170298858,0,1,-0.00000170298858,0.00000170298858392925,0.00000170298858392925,1,0.0399999991059303,0.0899999514222145,-0.00000014849942]},{"n":"L_Pointer_1","p":30,"r":[1,0.00000000000269715803510873,-0.00000011920929,-0.0000000000027,1,-0,0.000000119209289550781,0.00000000000000000064305258634298,1,-0.00000000074756,0.0370000600814819,0.00000000476837147544984]},{"n":"L_Pointer_2","p":31,"r":[1,0.00000000000000000000000002118394,0,-0,1,0,0,-0,1,-0.00000000149012,0.0249999761581421,0.00000000953674295089968]},{"n":"L_Pointer_Tip","p":32,"r":[1,0.0000000000000000000000000403484,0,-0,1,0,0,0,1,-0.00000000149012,0.0279999971389771,0.00000000953674295089968]},{"n":"L_Pinky_0","p":29,"r":[1,-0.0000000000029,-0.00000170298858,0,1,-0.00000170298858,0.00000170298858392925,0.00000170298858392925,1,-0.03999999910593,0.0799999609589577,-0.00000000476725]},{"n":"L_Pinky_1","p":34,"r":[1,0.00000000000269715803510873,-0.00000011920929,-0.0000000000027,1,-0,0.000000119209289550781,0.00000000000000000064305258634298,1,-0.00000000074753,0.0370000600814819,-0.00000000476837]},{"n":"L_Pinky_2","p":35,"r":[1,0.00000000000000000000000002118394,0,-0,1,0,0,-0,1,-0.00000000149012,0.0249999761581421,-0.00000000953674]},{"n":"L_Pinky_Tip","p":36,"r":[1,0.0000000000000000000000000403484,0,-0,1,0,0,0,1,-0.00000000149012,0.0279999971389771,-0.00000000953674]},{"n":"L_Middle_0","p":29,"r":[1,-0.0000000000029,-0.00000170298858,-0,1,-0.0000017029887,0.00000170298858392925,0.00000170298869761609,1,0.0130000002682209,0.0899999514222145,-0.00000010573739]},{"n":"L_Middle_1","p":38,"r":[1,0.0000000000026971584687896,-0.00000011920929,-0.0000000000027,1,0.000000000000113686526013491,0.000000119209289550781,-0.00000000000011,1,0.000000000183747919657584,0.0420000553131104,0.00000000154982671141113]},{"n":"L_Middle_2","p":39,"r":[1,-0,0,0.00000000000000000020328788149164,1,-0,0,0.00000000000000000000677621511042,1,0.000000000372523345504305,0.0299999713897705,0.00000000309944159226916]},{"n":"L_Middle_Tip","p":40,"r":[1,0.00000000000000000000000003877409,0,-0,1,0.00000000000000000000000000020195,0,-0,1,0.000000000372523345504305,0.0329999923706055,0.00000000309944159226916]},{"n":"L_Ring_0","p":29,"r":[1,-0.0000000000029,-0.00000170298858,0,1,-0.00000170298881,0.00000170298858392925,0.00000170298881130293,1,-0.01300000399351,0.0899999514222145,-0.00000006455912]},{"n":"L_Ring_1","p":42,"r":[1,0.00000000000269715868563003,-0.00000011920929,-0.0000000000027,1,0.00000000000022737335018258,0.000000119209289550781,-0.00000000000023,1,0.000000000183761408867333,0.0370000600814819,-0.00000000154951]},{"n":"L_Ring_2","p":43,"r":[1,-0,0,0.00000000000000000018973535433557,1,-0,0,0.00000000000000000001355248191963,1,0.000000000372523345504305,0.0299999713897705,-0.00000000309944]},{"n":"L_Ring_Tip","p":44,"r":[1,0.00000000000000000000000003958188,0,-0,1,-0,0,0.0000000000000000000000000004039,1,0.000000000372523345504305,0.0329999923706055,-0.00000000309944]},{"n":"L_Thumb_0","p":29,"r":[0.0280112624168396,-0.97318416833878,-0.22831578552723,0.822344243526459,0.152288675308228,-0.54823189973831,0.568300485610962,-0.1723974943161,0.804558098316193,0.0180000178515911,0.0209998749196529,-0.00499999150634]},{"n":"L_Thumb_1","p":46,"r":[0.999310553073883,-0.02646116167307,0.0260394122451544,0.037110585719347,0.692656695842743,-0.72031193971634,0.00102392118424177,0.720781803131104,0.693161249160767,-0.00000005401671,0.0328329689800739,0.0000000577419996261597]},{"n":"L_Thumb_2","p":47,"r":[0.996653914451599,-0.08134920150042,-0.0079449173063,0.0789844542741776,0.983548641204834,-0.16246077418327,0.0210302695631981,0.161289662122726,0.986683011054993,-0.0000000463333,0.0309998951852322,0.00000000931322574615479]},{"n":"L_Thumb_Tip","p":48,"r":[0.993409097194672,-0.11462254822254,0.0000000167638063430786,0.114622548222542,0.993409097194672,0.0000000060847815674947,-0.00000001735077,-0.00000000412317,1,0.0000000296528597232282,0.0261724349111319,-0.00000000333913]},{"n":"R_UpperLeg","p":0,"r":[-1,0,0.000000866251525621919,0,-1,0,0.000000866251525621919,0,1,-0.1499999910593,0,0.000000129937717474604]},{"n":"R_LowerLeg","p":50,"r":[1,0,0,0,1,0,0,0,1,0,0.350000023841858,0]},{"n":"R_Foot","p":51,"r":[1,0,0,0,0,1,0,-1,0,0,0.350000023841858,0]},{"n":"L_UpperLeg","p":0,"r":[-1,0,0.000000866251525621919,0,-1,0,0.000000866251525621919,0,1,0.149999991059303,0,-0.00000012993772]},{"n":"L_LowerLeg","p":53,"r":[1,0,0,0,1,0,0,0,1,0,0.350000023841858,0]},{"n":"L_Foot","p":54,"r":[1,0,0,0,0,1,0,-1,0,0,0.350000023841858,0]}]},"n":"Skeleton","p":-1,"t":"armature"},"1":{"d":{"armature":0,"materials":[1,2,3],"mesh":0},"n":"Mesh","p":-1,"t":"meshrenderer"},"2":{"d":{"armature":0,"headBone":"Head","headOffset":[-1,0,0.0000000874227765734759,0,1,-0,-0.00000008742278,0,-1,0,0,0],"hipBone":"Spine_0","hipOffset":[-1,0,0.0000000874227765734759,0,1,-0,-0.00000008742278,0,-1,0,0,0],"leftFootBone":"L_Foot","leftHandBone":"L_Hand","leftHandOffset":[0.000000119209289550781,1,0,0,0,-1,-1,0.000000119209289550781,0,0,0,0],"rightFootBone":"R_Foot","rightHandBone":"R_Hand","rightHandOffset":[0.000000119209289550781,-1,0,0,0,-1,1,0.000000119209289550781,0,0,0,0]},"n":"Animator","p":-1,"t":"humanoidanimator"}},"data":{},"type":"avatar","version":0}